%YAML:1.0
ncmf_model:
   trainingParams:
      noTrees: 10
      depthLimit: -1
      minSamples: 1
      activeClasses: 3
      classes: !!opencv-matrix
         rows: 3
         cols: 1
         dt: i
         data: [ 3, 6, 8 ]
   trees:
      -
         treeIndex: 0
         noLeaves: 4
         noNodes: 7
         maxDepth: 4
         nodes:
            -
               Type: terminal
               Idx: 1
               Depth: 2
               Output: 8
               LeftSamples: !!opencv-matrix
                  rows: 47
                  cols: 1
                  dt: i
                  data: [ 108, 109, 110, 111, 112, 113, 114, 115, 116,
                      117, 118, 119, 120, 121, 122, 123, 124, 125, 126,
                      127, 128, 129, 130, 131, 132, 133, 134, 135, 136,
                      137, 138, 139, 140, 141, 142, 143, 144, 145, 146,
                      147, 148, 149, 150, 151, 152, 153, 154 ]
               LeftLabels: !!opencv-matrix
                  rows: 47
                  cols: 1
                  dt: i
                  data: [ 8, 8, 8, 8, 8, 8, 8, 8, 8, 8, 8, 8, 8, 8, 8, 8,
                      8, 8, 8, 8, 8, 8, 8, 8, 8, 8, 8, 8, 8, 8, 8, 8, 8,
                      8, 8, 8, 8, 8, 8, 8, 8, 8, 8, 8, 8, 8, 8 ]
               RightSamples: !!opencv-matrix
                  rows: 0
                  cols: 0
                  dt: u
                  data: []
               RightLabels: !!opencv-matrix
                  rows: 0
                  cols: 0
                  dt: u
                  data: []
            -
               Type: terminal
               Idx: 2
               Depth: 4
               Output: 6
               LeftSamples: !!opencv-matrix
                  rows: 50
                  cols: 1
                  dt: i
                  data: [ 58, 59, 60, 61, 62, 63, 64, 65, 66, 67, 68, 69,
                      70, 71, 72, 73, 74, 75, 76, 77, 78, 79, 80, 81, 82,
                      83, 84, 85, 86, 87, 88, 89, 90, 91, 92, 93, 94, 95,
                      96, 97, 98, 99, 100, 101, 102, 103, 104, 105, 106,
                      107 ]
               LeftLabels: !!opencv-matrix
                  rows: 50
                  cols: 1
                  dt: i
                  data: [ 6, 6, 6, 6, 6, 6, 6, 6, 6, 6, 6, 6, 6, 6, 6, 6,
                      6, 6, 6, 6, 6, 6, 6, 6, 6, 6, 6, 6, 6, 6, 6, 6, 6,
                      6, 6, 6, 6, 6, 6, 6, 6, 6, 6, 6, 6, 6, 6, 6, 6, 6 ]
               RightSamples: !!opencv-matrix
                  rows: 0
                  cols: 0
                  dt: u
                  data: []
               RightLabels: !!opencv-matrix
                  rows: 0
                  cols: 0
                  dt: u
                  data: []
            -
               Type: terminal
               Idx: 3
               Depth: 4
               Output: 3
               LeftSamples: !!opencv-matrix
                  rows: 2
                  cols: 1
                  dt: i
                  data: [ 16, 17 ]
               LeftLabels: !!opencv-matrix
                  rows: 2
                  cols: 1
                  dt: i
                  data: [ 3, 3 ]
               RightSamples: !!opencv-matrix
                  rows: 0
                  cols: 0
                  dt: u
                  data: []
               RightLabels: !!opencv-matrix
                  rows: 0
                  cols: 0
                  dt: u
                  data: []
            -
               Type: split
               Idx: 3
               Depth: 3
               Output: -1
               LeftSamples: !!opencv-matrix
                  rows: 50
                  cols: 1
                  dt: i
                  data: [ 58, 59, 60, 61, 62, 63, 64, 65, 66, 67, 68, 69,
                      70, 71, 72, 73, 74, 75, 76, 77, 78, 79, 80, 81, 82,
                      83, 84, 85, 86, 87, 88, 89, 90, 91, 92, 93, 94, 95,
                      96, 97, 98, 99, 100, 101, 102, 103, 104, 105, 106,
                      107 ]
               LeftLabels: !!opencv-matrix
                  rows: 50
                  cols: 1
                  dt: i
                  data: [ 6, 6, 6, 6, 6, 6, 6, 6, 6, 6, 6, 6, 6, 6, 6, 6,
                      6, 6, 6, 6, 6, 6, 6, 6, 6, 6, 6, 6, 6, 6, 6, 6, 6,
                      6, 6, 6, 6, 6, 6, 6, 6, 6, 6, 6, 6, 6, 6, 6, 6, 6 ]
               RightSamples: !!opencv-matrix
                  rows: 2
                  cols: 1
                  dt: i
                  data: [ 16, 17 ]
               RightLabels: !!opencv-matrix
                  rows: 2
                  cols: 1
                  dt: i
                  data: [ 3, 3 ]
            -
               Type: terminal
               Idx: 4
               Depth: 3
               Output: 3
               LeftSamples: !!opencv-matrix
                  rows: 56
                  cols: 1
                  dt: i
                  data: [ 0, 1, 2, 3, 4, 5, 6, 7, 8, 9, 10, 11, 12, 13,
                      14, 15, 18, 19, 20, 21, 22, 23, 24, 25, 26, 27, 28,
                      29, 30, 31, 32, 33, 34, 35, 36, 37, 38, 39, 40, 41,
                      42, 43, 44, 45, 46, 47, 48, 49, 50, 51, 52, 53, 54,
                      55, 56, 57 ]
               LeftLabels: !!opencv-matrix
                  rows: 56
                  cols: 1
                  dt: i
                  data: [ 3, 3, 3, 3, 3, 3, 3, 3, 3, 3, 3, 3, 3, 3, 3, 3,
                      3, 3, 3, 3, 3, 3, 3, 3, 3, 3, 3, 3, 3, 3, 3, 3, 3,
                      3, 3, 3, 3, 3, 3, 3, 3, 3, 3, 3, 3, 3, 3, 3, 3, 3,
                      3, 3, 3, 3, 3, 3 ]
               RightSamples: !!opencv-matrix
                  rows: 0
                  cols: 0
                  dt: u
                  data: []
               RightLabels: !!opencv-matrix
                  rows: 0
                  cols: 0
                  dt: u
                  data: []
            -
               Type: split
               Idx: 2
               Depth: 2
               Output: -1
               LeftSamples: !!opencv-matrix
                  rows: 52
                  cols: 1
                  dt: i
                  data: [ 16, 17, 58, 59, 60, 61, 62, 63, 64, 65, 66, 67,
                      68, 69, 70, 71, 72, 73, 74, 75, 76, 77, 78, 79, 80,
                      81, 82, 83, 84, 85, 86, 87, 88, 89, 90, 91, 92, 93,
                      94, 95, 96, 97, 98, 99, 100, 101, 102, 103, 104,
                      105, 106, 107 ]
               LeftLabels: !!opencv-matrix
                  rows: 52
                  cols: 1
                  dt: i
                  data: [ 3, 3, 6, 6, 6, 6, 6, 6, 6, 6, 6, 6, 6, 6, 6, 6,
                      6, 6, 6, 6, 6, 6, 6, 6, 6, 6, 6, 6, 6, 6, 6, 6, 6,
                      6, 6, 6, 6, 6, 6, 6, 6, 6, 6, 6, 6, 6, 6, 6, 6, 6,
                      6, 6 ]
               RightSamples: !!opencv-matrix
                  rows: 56
                  cols: 1
                  dt: i
                  data: [ 0, 1, 2, 3, 4, 5, 6, 7, 8, 9, 10, 11, 12, 13,
                      14, 15, 18, 19, 20, 21, 22, 23, 24, 25, 26, 27, 28,
                      29, 30, 31, 32, 33, 34, 35, 36, 37, 38, 39, 40, 41,
                      42, 43, 44, 45, 46, 47, 48, 49, 50, 51, 52, 53, 54,
                      55, 56, 57 ]
               RightLabels: !!opencv-matrix
                  rows: 56
                  cols: 1
                  dt: i
                  data: [ 3, 3, 3, 3, 3, 3, 3, 3, 3, 3, 3, 3, 3, 3, 3, 3,
                      3, 3, 3, 3, 3, 3, 3, 3, 3, 3, 3, 3, 3, 3, 3, 3, 3,
                      3, 3, 3, 3, 3, 3, 3, 3, 3, 3, 3, 3, 3, 3, 3, 3, 3,
                      3, 3, 3, 3, 3, 3 ]
            -
               Type: split
               Idx: 1
               Depth: 1
               Output: -1
               LeftSamples: !!opencv-matrix
                  rows: 47
                  cols: 1
                  dt: i
                  data: [ 108, 109, 110, 111, 112, 113, 114, 115, 116,
